-1.4969282315959254
-0.8778577754082595
0.2045340475417448
1.7970766392774089
3.9531646379667298
6.7304930165336776
10.2439724856232619
14.6793673664084885
20.3966511659077092
28.3207354448579771
0.6964938743154506
1.0964859612814353
1.4962011118938749
1.8953302523896622
2.2911291916699454
2.7010319696186831
3.1008882096221018
3.5007732939926677
3.9006795460157910
4.3006011141333689
4.7005276719752001
5.1004925805493615
5.5004464567549398
5.9004067870974195
6.3003723988048339
6.7003423771641426
7.1003159997314516
7.5002926894213697
7.9002719805034705
8.3002534935847851
8.7002369169525426
9.1002219924866612
9.5002085049010496
9.9001962734399260
10.3001851454039262
10.7001749910470760
11.1001656994601632
11.5001571706046057
11.9001493397092855
12.3001421111761200
12.7001354255413030
0.0000000000000000
0.0000000000000000
0.0000000000000000
0.0000000000000000
-0.0102494399995898
-0.0049893536679501
-0.0031001855531046
-0.0021167774923362
-0.0015010994029970
-0.0010714889205183
0.0000000000000000
0.0000000000000000
0.0000000000000000
0.0000000000000000
0.0000000000000000
-0.0283425522632704
-0.0169029752429674
-0.0127840764701843
-0.0104823648119632
-0.0089635644166465
-0.0078677182663446
-0.0071020387931351
-0.0064124666826062
-0.0058608825115908
-0.0054034086528262
-0.0050161758426859
-0.0046833705864149
-0.0043938167291363
-0.0041393094550002
-0.0039136563421451
-0.0037120798641800
-0.0035308261711129
-0.0033668994961833
-0.0032178766027109
-0.0030817740253853
-0.0029569511320789
-0.0028420380761405
-0.0027358814046114
-0.0026375250319290
-0.0025460777272315
-0.0024608579067671
0.0000000000000000
0.0000000000000000
0.0000000000000000
0.0000000000000000
0.0003503092002747
0.0000473023302467
0.0000114386220099
0.0000035835971282
0.0000012668794162
0.0000004563462771
0.0000000000000000
0.0000000000000000
0.0000000000000000
0.0000000000000000
0.0000000000000000
0.0026881379641746
0.0010926538032909
0.0005978851618215
0.0003706674396421
0.0002478442076178
0.0001746651836216
0.0001293181149393
0.0000974708257320
0.0000754717261898
0.0000596902242536
0.0000480513353802
0.0000392699522599
0.0000325151196250
0.0000272315377693
0.0000230378243398
0.0000196658261806
0.0000169231019641
0.0000146690242645
0.0000127991580442
0.0000112348142156
0.0000099159209585
0.0000087960698048
0.0000078390159486
0.0000070162255726
0.0000063047966972
0.0000056865529728
1.6040623979527686
-0.8903096944857023
-0.2842627072666714
0.7965421147081304
2.3899912790424063
4.5429161079062350
7.3203642562437254
10.8339028779650537
15.2693260503478161
20.9866268237461178
28.9107212121863668
1.2884313429696472
1.6885286419748944
2.0885663608183416
2.4885471028704704
2.8884555489586723
3.2882372204123294
3.6876744938751362
4.0833776454735169
4.4904267418407224
4.8903791186799470
5.2903393827823715
5.6903058507863680
6.0902772712549282
6.4902526971780663
6.8902314005708911
7.2902128139400828
7.6901964893385477
8.0901820691935473
8.4901692651644414
8.8901578425187591
9.2901476080542249
9.6901383980788012
10.0901300270647685
10.4901230594276527
10.8901161002621230
11.2901097453015851
11.6901039256102468
12.0900985819870961
12.4900936633440676
12.8900891253598093
13.2900849292347480
0.0000000000000000
0.0000000000000000
0.0000000000000000
0.0000000000000000
-0.0102494399995898
-0.0049893536679501
-0.0031001855531046
-0.0021167774923362
-0.0015010994029970
-0.0010714889205183
0.0000000000000000
0.0000000000000000
0.0000000000000000
0.0000000000000000
0.0000000000000000
-0.0283425522632704
-0.0169029752429674
-0.0127840764701843
-0.0104823648119632
-0.0089635644166465
-0.0078677182663446
-0.0071020387931351
-0.0064124666826062
-0.0058608825115908
-0.0054034086528262
-0.0050161758426859
-0.0046833705864149
-0.0043938167291363
-0.0041393094550002
-0.0039136563421451
-0.0037120798641800
-0.0035308261711129
-0.0033668994961833
-0.0032178766027109
-0.0030817740253853
-0.0029569511320789
-0.0028420380761405
-0.0027358814046114
-0.0026375250319290
-0.0025460777272315
-0.0024608579067671
0.0000000000000000
0.0000000000000000
0.0000000000000000
0.0000000000000000
0.0003107597880276
0.0000312627045332
0.0000075229476280
0.0000023563907542
0.0000008363889095
0.0000003019073920
0.0000000000000000
0.0000000000000000
0.0000000000000000
0.0000000000000000
0.0000000000000000
0.0003624173528297
0.0001467151572634
0.0000791437619278
0.0003424048220366
0.0001897731639833
0.0001248242289985
0.0000886348231030
0.0000657520141718
0.0000504050813136
0.0000396164332620
0.0000317651561941
0.0000258941035814
0.0000214053349069
0.0000179089506670
0.0000151418600211
0.0000129214592104
0.0000111179529085
0.0000096371725978
0.0000084224684255
0.0000073886948368
0.0000065209638999
0.0000057849742385
0.0000051562542683
0.0000046158007599
0.0000041485636933
0.0000037425048353
1.0128001199306749
